5.391025543212890625e-02
-2.708429284393787384e-02
-5.762249976396560669e-02
6.712518632411956787e-02
9.730032831430435181e-02
7.815990597009658813e-02
1.578639075160026550e-02
9.147246181964874268e-02
-8.915173262357711792e-02
5.040794238448143005e-02
8.562315255403518677e-02
4.953010380268096924e-02
1.501077692955732346e-02
1.352348178625106812e-01
-1.078449562191963196e-01
-7.445070147514343262e-02
-2.482870768290013075e-04
9.408470243215560913e-02
4.283320531249046326e-02
-9.047852456569671631e-02
-4.244213923811912537e-02
9.395655989646911621e-02
3.397804126143455505e-02
-6.214716285467147827e-02
-6.197199597954750061e-02
-5.056871473789215088e-02
5.486765876412391663e-02
6.194249540567398071e-02
5.134933814406394958e-02
5.358884483575820923e-02
2.353717386722564697e-02
1.057651489973068237e-01
