-4.890146851539611816e-01 1.824118614196777344e+00 -9.084798097610473633e-01 1.258929848670959473e+00 -3.033271729946136475e-01 -6.519471406936645508e-01 3.022715806961059570e+00
1.469431281089782715e+00 -7.860038876533508301e-01 -9.588586539030075073e-02 1.068106532096862793e+00 -4.368619620800018311e-01 2.336850404739379883e+00 -7.001578807830810547e-01
4.927970767021179199e-01 2.016070365905761719e+00 1.786443233489990234e+00 1.631349086761474609e+00 1.372367292642593384e-01 -4.514535069465637207e-01 -2.994665622711181641e+00
3.812211155891418457e-01 -4.616366624832153320e-01 1.150470733642578125e+00 -5.560832098126411438e-03 2.737138509750366211e+00 2.155136346817016602e+00 -2.873224616050720215e-01
5.254270881414413452e-02 -9.241483211517333984e-01 -1.797758638858795166e-01 8.771122097969055176e-01 3.063285112380981445e+00 -5.677864551544189453e-01 1.299440026283264160e+00
5.028049945831298828e-01 1.231563687324523926e+00 1.750153750181198120e-01 -8.686342239379882812e-01 1.909506678581237793e+00 -3.872915506362915039e-01 -1.454056262969970703e+00
-8.796182274818420410e-01 1.616845369338989258e+00 -7.915097475051879883e-01 3.747806847095489502e-01 1.386389732360839844e+00 6.212092041969299316e-01 1.012770295143127441e+00
-1.368644237518310547e+00 -1.276986002922058105e-01 1.368383646011352539e+00 -7.927430272102355957e-01 5.160477757453918457e-01 -1.922237277030944824e+00 -2.644996345043182373e-01
1.696564555168151855e+00 -9.031652472913265228e-03 -1.268027544021606445e+00 -1.221486687660217285e+00 -7.651539444923400879e-01 -1.626214265823364258e+00 1.921946927905082703e-02
1.554866194725036621e+00 4.407607018947601318e-01 1.331459641456604004e+00 1.121214151382446289e+00 -6.328988075256347656e-01 -2.122352361679077148e+00 -1.548683941364288330e-01
3.053735196590423584e-01 -1.320269823074340820e+00 -1.879476755857467651e-01 1.220475956797599792e-01 1.641119360923767090e+00 -1.378432154655456543e+00 -3.592542409896850586e-01
-2.241641283035278320e+00 -1.312224753201007843e-02 -1.274000048637390137e+00 9.931357502937316895e-01 2.073473930358886719e+00 -2.046248197555541992e+00 -1.770017981529235840e+00
1.162610799074172974e-01 1.752966493368148804e-01 -4.696497917175292969e-01 1.548967480659484863e+00 -2.934083715081214905e-02 -1.306963562965393066e+00 -9.490294456481933594e-01
1.649630665779113770e-01 -7.844759225845336914e-01 -1.651219844818115234e+00 4.723135232925415039e-01 -1.193761825561523438e+00 4.887308776378631592e-01 -1.700412034988403320e+00
-1.360397338867187500e-01 -1.444654226303100586e+00 1.160601377487182617e+00 1.543180227279663086e+00 -4.991567134857177734e-01 -7.981530427932739258e-01 2.248722076416015625e+00
2.154094696044921875e+00 7.880095839500427246e-01 -4.343454241752624512e-01 -1.702042482793331146e-02 9.994437098503112793e-01 -9.710052609443664551e-01 4.080939590930938721e-01
