1.070422306656837463e-01 3.390156850218772888e-02 -3.729735910892486572e-01 -2.365839034318923950e-01 1.234350576996803284e-01 2.780440449714660645e-01 -1.777217388153076172e-01 1.542065665125846863e-02 6.101016402244567871e-01 -4.089799895882606506e-02 1.076532006263732910e-01 4.723387360572814941e-01 -1.558686792850494385e-01 2.971028983592987061e-01 -2.321839332580566406e-01 2.582982480525970459e-01
-3.374936878681182861e-01 1.139018535614013672e-01 -2.295958548784255981e-01 8.813613057136535645e-01 -2.654522471129894257e-02 5.344632267951965332e-01 2.661896049976348877e-01 2.948925197124481201e-01 1.918647736310958862e-01 -3.782013952732086182e-01 -1.199653595685958862e-01 -7.713600993156433105e-01 -5.918995738029479980e-01 2.768605249002575874e-03 -6.792345046997070312e-01 4.545860886573791504e-01
-3.042529821395874023e-01 -4.603340327739715576e-01 -1.123259544372558594e+00 2.129287272691726685e-01 -6.912146806716918945e-01 2.814750969409942627e-01 3.122689723968505859e-01 4.898431599140167236e-01 5.900695919990539551e-01 -6.069502830505371094e-01 -1.829439848661422729e-01 -1.108616814017295837e-01 -2.262711338698863983e-02 3.255859613418579102e-01 -6.849597096443176270e-01 1.838171301642432809e-04
4.559328258037567139e-01 6.350716352462768555e-01 7.938125729560852051e-01 -2.934872508049011230e-01 -5.687679052352905273e-01 7.596405148506164551e-01 -3.842000663280487061e-02 -7.823055386543273926e-01 7.434958219528198242e-01 2.256487011909484863e-01 -1.818724572658538818e-01 -2.242678403854370117e-01 1.196804717183113098e-01 1.100885495543479919e-02 2.197982519865036011e-01 5.333783030509948730e-01
1.899453848600387573e-01 8.595229387283325195e-01 -6.669963710010051727e-03 1.139584332704544067e-01 -4.454498887062072754e-01 1.427974253892898560e-01 5.498832464218139648e-02 -7.112934440374374390e-02 3.005499541759490967e-01 -6.479716300964355469e-01 6.556965708732604980e-01 2.667185664176940918e-01 1.957355737686157227e-01 6.272894740104675293e-01 -3.686024248600006104e-01 -2.172284424304962158e-01
3.118737339973449707e-01 -5.975698307156562805e-02 -1.623966917395591736e-02 -7.738664746284484863e-01 -2.050077617168426514e-01 5.965458229184150696e-02 2.152640074491500854e-01 1.020510792732238770e-01 -1.293327063322067261e-01 -1.476826816797256470e-01 -6.273197531700134277e-01 -5.396627187728881836e-01 -2.804957926273345947e-01 -2.233780026435852051e-01 -4.172415733337402344e-01 -1.053041294217109680e-01
6.666268706321716309e-01 8.556402921676635742e-01 -1.096704751253128052e-01 1.513982713222503662e-01 3.430774807929992676e-01 -7.365816831588745117e-02 4.623917639255523682e-01 -8.225564956665039062e-01 5.278729796409606934e-01 3.290691375732421875e-01 3.098524212837219238e-01 -4.680530168116092682e-03 2.369875609874725342e-01 5.502774119377136230e-01 -5.274975895881652832e-01 3.137530982494354248e-01
-4.130495488643646240e-01 4.205253720283508301e-01 -7.710794806480407715e-01 -6.468099355697631836e-01 -5.177675485610961914e-01 -4.448155164718627930e-01 -6.683656573295593262e-01 1.753509044647216797e-01 5.722399353981018066e-01 -7.552075386047363281e-02 2.011902779340744019e-01 -8.067816495895385742e-01 -5.308257043361663818e-02 5.100411549210548401e-02 3.278067409992218018e-01 -4.081170856952667236e-01
-9.233976602554321289e-01 -7.386125624179840088e-02 1.266442425549030304e-02 6.055030822753906250e-01 5.924351811408996582e-01 4.855043292045593262e-01 -1.197014003992080688e-02 -1.764772087335586548e-02 3.794249296188354492e-01 2.876031100749969482e-01 -1.940008699893951416e-01 -4.992182552814483643e-01 -6.464163064956665039e-01 -7.304849624633789062e-01 -4.019901752471923828e-01 9.068152904510498047e-01
-5.923926234245300293e-01 -1.069798916578292847e-01 1.128485649824142456e-01 4.202723801136016846e-01 9.336004406213760376e-02 -6.237730383872985840e-01 -6.253342032432556152e-01 7.238771021366119385e-02 -3.779113292694091797e-01 4.349086061120033264e-02 4.603171348571777344e-01 -1.814964860677719116e-01 2.711119651794433594e-01 -3.210605382919311523e-01 4.443392157554626465e-01 -1.697342246770858765e-01
-1.896017784019932151e-04 3.432252705097198486e-01 -2.377630472183227539e-01 -3.753394484519958496e-01 -8.042075484991073608e-02 -2.319346815347671509e-01 -3.545183315873146057e-02 -3.451593220233917236e-01 -2.467622011899948120e-01 -4.681591317057609558e-02 5.754370093345642090e-01 4.060634970664978027e-01 1.416105777025222778e-01 1.638507992029190063e-01 3.852176293730735779e-02 -2.509722113609313965e-01
-5.215170383453369141e-01 2.287870645523071289e-02 -1.077140808105468750e+00 3.803015947341918945e-01 2.041725367307662964e-01 -9.793518111109733582e-04 -4.738475680351257324e-01 -1.700749695301055908e-01 1.976525783538818359e-01 5.754104629158973694e-02 6.483750343322753906e-01 -5.264531970024108887e-01 -2.091699689626693726e-01 1.599736958742141724e-01 5.615013837814331055e-01 2.408741861581802368e-01
-3.327249884605407715e-01 3.529609739780426025e-01 4.116891026496887207e-01 3.796027973294258118e-02 -8.425588905811309814e-02 5.349667668342590332e-01 -5.016921162605285645e-01 -4.615824520587921143e-01 -1.553048938512802124e-01 9.281020164489746094e-01 -9.022334218025207520e-02 -7.552856802940368652e-01 -7.580391764640808105e-01 -1.962394267320632935e-01 2.003923952579498291e-01 5.802258253097534180e-01
-1.259593516588211060e-01 -1.827779710292816162e-01 -3.606481850147247314e-01 5.440050959587097168e-01 9.802343845367431641e-01 -1.188253285363316536e-03 6.409500837326049805e-01 1.187137365341186523e-01 3.878835961222648621e-02 -7.764568924903869629e-01 -4.942481592297554016e-02 3.612758815288543701e-01 -1.373262852430343628e-01 -3.615584671497344971e-01 -1.394816190004348755e-01 -3.353135287761688232e-02
4.391291439533233643e-01 -5.904830694198608398e-01 -1.423024684190750122e-01 -9.690272808074951172e-01 -2.999432012438774109e-02 -1.614745110273361206e-01 -8.341275155544281006e-02 5.048782825469970703e-01 1.905754208564758301e-01 1.723768413066864014e-01 -5.456823110580444336e-01 -6.479193568229675293e-01 -3.044911623001098633e-01 -6.442302465438842773e-01 2.737092077732086182e-01 -8.508650586009025574e-03
6.804049015045166016e-01 -7.491946965456008911e-02 -3.555580079555511475e-01 8.788078278303146362e-02 1.407537907361984253e-01 7.149057835340499878e-02 -3.353310003876686096e-02 -5.051667094230651855e-01 7.763944864273071289e-01 -3.102806508541107178e-01 5.671622157096862793e-01 3.803309798240661621e-02 3.602498769760131836e-01 5.217774510383605957e-01 -2.262931466102600098e-01 9.991564601659774780e-02
-3.638887107372283936e-01 1.050369590520858765e-01 -2.027181386947631836e-01 -8.213430643081665039e-01 -6.490163207054138184e-01 -8.768240362405776978e-02 -4.847418367862701416e-01 4.351365938782691956e-02 5.434662699699401855e-01 6.930764019489288330e-02 -1.667683571577072144e-02 -3.808336555957794189e-01 -3.245154917240142822e-01 -1.252567302435636520e-02 3.900845646858215332e-01 1.664781570434570312e-01
-1.564214825630187988e-01 4.212424531579017639e-02 8.452065587043762207e-01 2.329756021499633789e-01 -3.635906577110290527e-01 -3.620833158493041992e-01 4.150595143437385559e-02 1.757552921772003174e-01 -1.076931655406951904e-01 5.259325504302978516e-01 2.551405727863311768e-01 -3.549943268299102783e-01 2.038593739271163940e-01 -6.572274863719940186e-02 6.224118471145629883e-01 -8.718075603246688843e-02
2.343172729015350342e-01 -8.524931222200393677e-02 -6.797128915786743164e-01 -5.184226483106613159e-02 -8.065430521965026855e-01 8.011131733655929565e-02 3.947104513645172119e-01 -4.164137244224548340e-01 1.880244761705398560e-01 -8.729913234710693359e-01 -6.535143256187438965e-01 3.827597200870513916e-01 -2.409727126359939575e-02 2.864226996898651123e-01 -6.314720511436462402e-01 -1.280008852481842041e-01
4.851418361067771912e-02 -2.896005809307098389e-01 -2.360769808292388916e-01 -1.208053112030029297e+00 7.268546223640441895e-01 1.658883839845657349e-01 -3.845443427562713623e-01 -5.333234369754791260e-02 7.634182572364807129e-01 -1.433369368314743042e-01 3.842657804489135742e-01 2.689762413501739502e-01 3.207678794860839844e-01 -1.216639578342437744e-01 -4.355744719505310059e-01 5.631428956985473633e-01
8.699624985456466675e-02 -3.292765319347381592e-01 2.997930943965911865e-01 4.960435628890991211e-01 -5.290522426366806030e-02 3.753597438335418701e-01 4.286869168281555176e-01 1.522653847932815552e-01 5.267571210861206055e-01 -1.602153182029724121e-01 -5.213119983673095703e-01 2.663088440895080566e-01 -5.788943171501159668e-01 -7.185111045837402344e-01 -5.238170027732849121e-01 6.087857484817504883e-01
2.615818381309509277e-01 3.931327164173126221e-02 -1.511995196342468262e-01 -5.834979414939880371e-01 -6.957115530967712402e-01 -1.411504149436950684e-01 4.919987618923187256e-01 2.738894522190093994e-01 -4.063202440738677979e-01 -4.824487864971160889e-01 -7.992535233497619629e-01 1.586315929889678955e-01 2.943195402622222900e-01 2.870208583772182465e-02 2.360414415597915649e-01 -4.954615235328674316e-01
-5.627613663673400879e-01 -4.605134427547454834e-01 4.088881611824035645e-02 8.228443861007690430e-01 -4.841552078723907471e-01 -1.428062655031681061e-02 -6.565766930580139160e-01 5.466415882110595703e-01 -3.474744260311126709e-01 -4.154255688190460205e-01 1.627631187438964844e-01 5.868932008743286133e-01 -3.666366338729858398e-01 1.083485484123229980e-01 -2.921357452869415283e-01 -3.477953076362609863e-01
-7.163793444633483887e-01 -4.333666991442441940e-03 7.196457982063293457e-01 3.996484279632568359e-01 -9.102963209152221680e-01 3.733641281723976135e-02 -3.694022893905639648e-01 4.911326169967651367e-01 -1.608566194772720337e-01 1.921092122793197632e-01 1.357687860727310181e-01 -3.403627872467041016e-01 -3.658210337162017822e-01 -7.767139375209808350e-02 -2.817472815513610840e-01 -3.919941186904907227e-01
2.147044539451599121e-01 -6.301094889640808105e-01 5.043835043907165527e-01 -9.050060510635375977e-01 -2.057690620422363281e-01 4.225074648857116699e-01 5.828744918107986450e-02 8.287783861160278320e-01 -8.914098143577575684e-02 -3.172513842582702637e-01 -1.378734707832336426e-01 -5.713325142860412598e-01 -3.882507681846618652e-01 -4.456996023654937744e-01 -1.947931200265884399e-01 -4.330909550189971924e-01
-1.014276742935180664e+00 -7.012019753456115723e-01 -5.457370281219482422e-01 5.023748278617858887e-01 9.088302850723266602e-01 -8.766871690750122070e-02 -6.081520915031433105e-01 2.092565447092056274e-01 2.177356779575347900e-01 -6.832392811775207520e-01 3.768651187419891357e-01 4.989419281482696533e-01 -4.335298240184783936e-01 -8.577381819486618042e-02 7.671977579593658447e-02 2.413345426321029663e-01
4.188561141490936279e-01 5.210414528846740723e-01 2.691238224506378174e-01 3.373880684375762939e-01 6.837420165538787842e-02 -2.537808418273925781e-01 3.924787789583206177e-02 -5.837891101837158203e-01 3.271980211138725281e-02 1.901227086782455444e-01 5.557072162628173828e-01 8.483722805976867676e-02 -1.960038840770721436e-01 5.269335210323333740e-02 -3.183658719062805176e-01 -1.777488291263580322e-01
-8.067806810140609741e-02 -3.494223952293395996e-02 -5.083727240562438965e-01 2.779969274997711182e-01 6.498256325721740723e-01 1.252598762512207031e-01 4.819629713892936707e-02 -9.812055528163909912e-02 -1.939162760972976685e-01 4.955701529979705811e-01 6.645806431770324707e-01 -2.172543853521347046e-01 2.571120858192443848e-02 1.113994047045707703e-01 1.096637845039367676e+00 1.864216476678848267e-01
-3.364763259887695312e-01 -2.704614400863647461e-01 -3.902572393417358398e-01 -3.207866549491882324e-01 -4.136154353618621826e-01 -1.039057493209838867e+00 -3.773046135902404785e-01 2.407690882682800293e-01 -1.371069699525833130e-01 -7.328569293022155762e-01 2.559409737586975098e-01 2.122033573687076569e-02 4.087944924831390381e-01 8.124129772186279297e-01 5.974245667457580566e-01 -4.436150491237640381e-01
4.528214931488037109e-01 9.608212113380432129e-01 -2.117683552205562592e-02 6.723489146679639816e-03 -1.842023618519306183e-02 1.825170032680034637e-02 5.026548504829406738e-01 -5.121276378631591797e-01 -4.522443935275077820e-02 -1.844168454408645630e-01 3.043278120458126068e-02 -3.065408468246459961e-01 2.199438214302062988e-01 5.139438509941101074e-01 -4.306553900241851807e-01 3.031340241432189941e-01
-3.590738400816917419e-02 -4.175282716751098633e-01 4.284125864505767822e-01 -2.482289075851440430e-01 1.178194507956504822e-01 -1.167726039886474609e+00 4.143789112567901611e-01 1.777197867631912231e-01 -6.974830627441406250e-01 7.021617889404296875e-01 -4.781922101974487305e-01 -2.982240319252014160e-01 1.658728867769241333e-01 1.411164179444313049e-02 1.019208788871765137e+00 -1.288784146308898926e-01
2.118816375732421875e-01 -4.763071984052658081e-02 9.093148708343505859e-01 9.834406375885009766e-01 3.061833381652832031e-01 2.211913913488388062e-01 5.655679702758789062e-01 5.157428383827209473e-01 -9.008049368858337402e-01 -3.640033900737762451e-01 4.345721378922462463e-02 5.839340686798095703e-01 1.445401161909103394e-01 -1.621257364749908447e-01 -5.724157094955444336e-01 -2.605696022510528564e-01
