1.740454763421439566e-06
7.847916094760876149e-06
9.791241609491407871e-06
3.981056579505093396e-06
-5.797982339572627097e-06
6.695687488900148310e-07
-9.076531569007784128e-06
-1.060539943864569068e-06
5.890127795282751322e-06
9.761623914528172463e-06
-1.437797800463158637e-05
6.544320513057755306e-06
9.901727025862783194e-06
1.420140847585571464e-06
5.129772489453898743e-06
-4.515664386417483911e-06
1.276932380278594792e-06
-4.291285677027190104e-06
1.576857698637468275e-06
2.333766815354465507e-06
8.459801392746157944e-06
-3.347792926433612593e-06
4.726290171674918383e-06
2.900799245253438130e-06
6.360753104672767222e-06
5.979683464829577133e-06
-4.609493771567940712e-06
-3.511892828100826591e-06
1.436956836187164299e-06
-4.334541245043510571e-06
-3.398676426513702609e-06
-1.959627979886136018e-06
